-0.3	32.0498
-0.299	32.0498
-0.298	32.0498
-0.297	32.0498
-0.296	32.0498
-0.295	32.0498
-0.294	32.0497
-0.293	32.0497
-0.292	32.0497
-0.291	32.0497
-0.29	32.0497
-0.289	32.0497
-0.288	32.0497
-0.287	32.0497
-0.286	32.0497
-0.285	32.0496
-0.284	32.0496
-0.283	32.0496
-0.282	32.0496
-0.281	32.0496
-0.28	32.0496
-0.279	32.0495
-0.278	32.0495
-0.277	32.0495
-0.276	32.0495
-0.275	32.0495
-0.274	32.0494
-0.273	32.0494
-0.272	32.0494
-0.271	32.0494
-0.27	32.0493
-0.269	32.0493
-0.268	32.0493
-0.267	32.0493
-0.266	32.0492
-0.265	32.0492
-0.264	32.0492
-0.263	32.0491
-0.262	32.0491
-0.261	32.0491
-0.26	32.049
-0.259	32.049
-0.258	32.0489
-0.257	32.0489
-0.256	32.0489
-0.255	32.0488
-0.254	32.0488
-0.253	32.0487
-0.252	32.0487
-0.251	32.0486
-0.25	32.0485
-0.249	32.0485
-0.248	32.0484
-0.247	32.0484
-0.246	32.0483
-0.245	32.0482
-0.244	32.0482
-0.243	32.0481
-0.242	32.048
-0.241	32.0479
-0.24	32.0478
-0.239	32.0477
-0.238	32.0476
-0.237	32.0476
-0.236	32.0475
-0.235	32.0473
-0.234	32.0472
-0.233	32.0471
-0.232	32.047
-0.231	32.0469
-0.23	32.0468
-0.229	32.0466
-0.228	32.0465
-0.227	32.0463
-0.226	32.0462
-0.225	32.046
-0.224	32.0459
-0.223	32.0457
-0.222	32.0455
-0.221	32.0454
-0.22	32.0452
-0.219	32.045
-0.218	32.0448
-0.217	32.0446
-0.216	32.0443
-0.215	32.0441
-0.214	32.0439
-0.213	32.0436
-0.212	32.0433
-0.211	32.0431
-0.21	32.0428
-0.209	32.0425
-0.208	32.0422
-0.207	32.0419
-0.206	32.0415
-0.205	32.0412
-0.204	32.0408
-0.203	32.0405
-0.202	32.0401
-0.201	32.0397
-0.2	32.0393
-0.199	32.0388
-0.198	32.0384
-0.197	32.0379
-0.196	32.0374
-0.195	32.0369
-0.194	32.0363
-0.193	32.0358
-0.192	32.0352
-0.191	32.0346
-0.19	32.034
-0.189	32.0333
-0.188	32.0326
-0.187	32.0319
-0.186	32.0312
-0.185	32.0304
-0.184	32.0296
-0.183	32.0288
-0.182	32.0279
-0.181	32.027
-0.18	32.0261
-0.179	32.0251
-0.178	32.0241
-0.177	32.023
-0.176	32.0219
-0.175	32.0208
-0.174	32.0196
-0.173	32.0184
-0.172	32.0171
-0.171	32.0157
-0.17	32.0143
-0.169	32.0129
-0.168	32.0114
-0.167	32.0098
-0.166	32.0082
-0.165	32.0065
-0.164	32.0047
-0.163	32.0028
-0.162	32.0009
-0.161	31.9989
-0.16	31.9968
-0.159	31.9947
-0.158	31.9924
-0.157	31.9901
-0.156	31.9876
-0.155	31.9851
-0.154	31.9824
-0.153	31.9797
-0.152	31.9768
-0.151	31.9739
-0.15	31.9708
-0.149	31.9675
-0.148	31.9642
-0.147	31.9607
-0.146	31.957
-0.145	31.9533
-0.144	31.9493
-0.143	31.9452
-0.142	31.941
-0.141	31.9365
-0.14	31.9319
-0.139	31.9271
-0.138	31.9221
-0.137	31.9169
-0.136	31.9115
-0.135	31.9059
-0.134	31.9
-0.133	31.894
-0.132	31.8876
-0.131	31.881
-0.13	31.8742
-0.129	31.867
-0.128	31.8596
-0.127	31.8519
-0.126	31.8439
-0.125	31.8355
-0.124	31.8268
-0.123	31.8178
-0.122	31.8084
-0.121	31.7986
-0.12	31.7884
-0.119	31.7778
-0.118	31.7668
-0.117	31.7553
-0.116	31.7434
-0.115	31.731
-0.114	31.7182
-0.113	31.7048
-0.112	31.6908
-0.111	31.6763
-0.11	31.6613
-0.109	31.6456
-0.108	31.6293
-0.107	31.6124
-0.106	31.5948
-0.105	31.5765
-0.104	31.5575
-0.103	31.5377
-0.102	31.5171
-0.101	31.4958
-0.1	31.4735
-0.099	31.4505
-0.098	31.4265
-0.097	31.4015
-0.096	31.3756
-0.095	31.3487
-0.094	31.3207
-0.093	31.2917
-0.092	31.2615
-0.091	31.2301
-0.09	31.1976
-0.089	31.1637
-0.088	31.1286
-0.087	31.0921
-0.086	31.0543
-0.085	31.0149
-0.084	30.9741
-0.083	30.9317
-0.082	30.8877
-0.081	30.8421
-0.08	30.7947
-0.079	30.7456
-0.078	30.6946
-0.077	30.6417
-0.076	30.5869
-0.075	30.53
-0.074	30.471
-0.073	30.4099
-0.072	30.3465
-0.071	30.2808
-0.07	30.2128
-0.069	30.1422
-0.068	30.0692
-0.067	29.9935
-0.066	29.9152
-0.065	29.8341
-0.064	29.7502
-0.063	29.6633
-0.062	29.5734
-0.061	29.4805
-0.06	29.3843
-0.059	29.2849
-0.058	29.1822
-0.057	29.076
-0.056	28.9663
-0.055	28.853
-0.054	28.736
-0.053	28.6153
-0.052	28.4907
-0.051	28.3621
-0.05	28.2295
-0.049	28.0929
-0.048	27.952
-0.047	27.8069
-0.046	27.6575
-0.045	27.5037
-0.044	27.3454
-0.043	27.1825
-0.042	27.0151
-0.041	26.843
-0.04	26.6662
-0.039	26.4846
-0.038	26.2983
-0.037	26.1071
-0.036	25.911
-0.035	25.71
-0.034	25.5041
-0.033	25.2933
-0.032	25.0775
-0.031	24.8568
-0.03	24.6312
-0.029	24.4007
-0.028	24.1653
-0.027	23.9251
-0.026	23.6801
-0.025	23.4304
-0.024	23.1761
-0.023	22.9171
-0.022	22.6537
-0.021	22.3858
-0.02	22.1137
-0.019	21.8374
-0.018	21.5571
-0.017	21.2728
-0.016	20.9848
-0.015	20.6933
-0.014	20.3983
-0.013	20.1001
-0.012	19.7988
-0.011	19.4947
-0.01	19.1879
-0.009	18.8787
-0.008	18.5673
-0.007	18.254
-0.006	17.9388
-0.005	17.6222
-0.004	17.3043
-0.003	16.9853
-0.002	16.6657
-0.001	16.3455
2.70617e-16	16.025
0.001	15.7045
0.002	15.3843
0.003	15.0647
0.004	14.7457
0.005	14.4278
0.006	14.1112
0.007	13.796
0.008	13.4827
0.009	13.1713
0.01	12.8621
0.011	12.5553
0.012	12.2512
0.013	11.9499
0.014	11.6517
0.015	11.3567
0.016	11.0652
0.017	10.7772
0.018	10.4929
0.019	10.2126
0.02	9.93632
0.021	9.66419
0.022	9.39635
0.023	9.1329
0.024	8.87395
0.025	8.61957
0.026	8.36986
0.027	8.12487
0.028	7.88466
0.029	7.64929
0.03	7.41878
0.031	7.19317
0.032	6.97248
0.033	6.75673
0.034	6.5459
0.035	6.34001
0.036	6.13903
0.037	5.94295
0.038	5.75174
0.039	5.56538
0.04	5.38381
0.041	5.20701
0.042	5.03491
0.043	4.86747
0.044	4.70463
0.045	4.54633
0.046	4.39249
0.047	4.24306
0.048	4.09796
0.049	3.95712
0.05	3.82045
0.051	3.68789
0.052	3.55934
0.053	3.43474
0.054	3.31398
0.055	3.197
0.056	3.08371
0.057	2.97401
0.058	2.86784
0.059	2.76509
0.06	2.66568
0.061	2.56954
0.062	2.47657
0.063	2.3867
0.064	2.29983
0.065	2.21589
0.066	2.13479
0.067	2.05645
0.068	1.9808
0.069	1.90776
0.07	1.83724
0.071	1.76918
0.072	1.70349
0.073	1.64012
0.074	1.57898
0.075	1.52
0.076	1.46312
0.077	1.40827
0.078	1.35539
0.079	1.3044
0.08	1.25526
0.081	1.2079
0.082	1.16225
0.083	1.11827
0.084	1.07589
0.085	1.03507
0.086	0.995745
0.087	0.957868
0.088	0.921389
0.089	0.88626
0.09	0.852434
0.091	0.819864
0.092	0.788508
0.093	0.758322
0.094	0.729264
0.095	0.701295
0.096	0.674375
0.097	0.648468
0.098	0.623535
0.099	0.599544
0.1	0.576458
0.101	0.554246
0.102	0.532875
0.103	0.512314
0.104	0.492535
0.105	0.473508
0.106	0.455205
0.107	0.4376
0.108	0.420666
0.109	0.40438
0.11	0.388716
0.111	0.373652
0.112	0.359165
0.113	0.345234
0.114	0.331837
0.115	0.318955
0.116	0.306568
0.117	0.294658
0.118	0.283207
0.119	0.272196
0.12	0.26161
0.121	0.251433
0.122	0.241648
0.123	0.232242
0.124	0.223199
0.125	0.214506
0.126	0.206149
0.127	0.198116
0.128	0.190394
0.129	0.182971
0.13	0.175836
0.131	0.168978
0.132	0.162385
0.133	0.156049
0.134	0.149959
0.135	0.144106
0.136	0.13848
0.137	0.133072
0.138	0.127875
0.139	0.12288
0.14	0.11808
0.141	0.113466
0.142	0.109032
0.143	0.104771
0.144	0.100676
0.145	0.0967402
0.146	0.092958
0.147	0.0893232
0.148	0.0858302
0.149	0.0824734
0.15	0.0792476
0.151	0.0761476
0.152	0.0731686
0.153	0.0703059
0.154	0.067555
0.155	0.0649115
0.156	0.0623713
0.157	0.0599302
0.158	0.0575845
0.159	0.0553305
0.16	0.0531646
0.161	0.0510833
0.162	0.0490833
0.163	0.0471616
0.164	0.045315
0.165	0.0435406
0.166	0.0418355
0.167	0.0401972
0.168	0.0386229
0.169	0.0371103
0.17	0.0356568
0.171	0.0342602
0.172	0.0329182
0.173	0.0316287
0.174	0.0303897
0.175	0.0291992
0.176	0.0280553
0.177	0.0269561
0.178	0.0259
0.179	0.0248853
0.18	0.0239102
0.181	0.0229734
0.182	0.0220732
0.183	0.0212083
0.184	0.0203772
0.185	0.0195787
0.186	0.0188114
0.187	0.0180743
0.188	0.0173659
0.189	0.0166854
0.19	0.0160314
0.191	0.0154031
0.192	0.0147995
0.193	0.0142194
0.194	0.0136621
0.195	0.0131266
0.196	0.0126121
0.197	0.0121178
0.198	0.0116428
0.199	0.0111865
0.2	0.010748
0.201	0.0103267
0.202	0.00992188
0.203	0.00953296
0.204	0.00915927
0.205	0.00880023
0.206	0.00845526
0.207	0.00812381
0.208	0.00780535
0.209	0.00749937
0.21	0.00720538
0.211	0.00692291
0.212	0.00665152
0.213	0.00639076
0.214	0.00614022
0.215	0.0058995
0.216	0.00566822
0.217	0.00544601
0.218	0.0052325
0.219	0.00502736
0.22	0.00483027
0.221	0.0046409
0.222	0.00445895
0.223	0.00428414
0.224	0.00411617
0.225	0.0039548
0.226	0.00379974
0.227	0.00365077
0.228	0.00350764
0.229	0.00337012
0.23	0.00323799
0.231	0.00311103
0.232	0.00298906
0.233	0.00287187
0.234	0.00275927
0.235	0.00265109
0.236	0.00254714
0.237	0.00244728
0.238	0.00235133
0.239	0.00225913
0.24	0.00217056
0.241	0.00208546
0.242	0.00200369
0.243	0.00192513
0.244	0.00184965
0.245	0.00177713
0.246	0.00170745
0.247	0.0016405
0.248	0.00157618
0.249	0.00151438
0.25	0.001455
0.251	0.00139795
0.252	0.00134314
0.253	0.00129048
0.254	0.00123988
0.255	0.00119126
0.256	0.00114456
0.257	0.00109968
0.258	0.00105656
0.259	0.00101513
0.26	0.000975331
0.261	0.000937089
0.262	0.000900346
0.263	0.000865044
0.264	0.000831126
0.265	0.000798538
0.266	0.000767228
0.267	0.000737145
0.268	0.000708242
0.269	0.000680472
0.27	0.000653791
0.271	0.000628156
0.272	0.000603526
0.273	0.000579862
0.274	0.000557125
0.275	0.000535281
0.276	0.000514292
0.277	0.000494127
0.278	0.000474752
0.279	0.000456137
0.28	0.000438252
0.281	0.000421068
0.282	0.000404558
0.283	0.000388695
0.284	0.000373454
0.285	0.000358811
0.286	0.000344742
0.287	0.000331225
0.288	0.000318237
0.289	0.000305759
0.29	0.00029377
0.291	0.000282252
0.292	0.000271184
0.293	0.000260551
0.294	0.000250335
0.295	0.000240519
0.296	0.000231088
0.297	0.000222027
0.298	0.000213322
0.299	0.000204957
